myo = [0.30969207 0.26338538 0.36496425 0.30736574 0.32639589]
ven = [0.92531914 0.93470709 0.9200014  0.92528635 0.92854105]
